258L 258L -1.03667343620087 10 -3.1153 61 0 -10.992 4.71497 0.846835 0.37146 -5.13107 -1.74693 -0.219785 0.879918 -2.51112 -2.36266 11009 2000
204Q 204Q 0.255633313678727 19 -4.8267 46 0 -12.5297 3.01602 -0.682615 -1.84163 -4.69528 -0.735924 0.921945 -4.7739 4.09022 1.73132 11010 16
522C 522C 1.11530699562344 20 -0.624044 59 0 -13.0004 2.81583 -0.831256 6.84068 9.83175 0.0232677 -0.413114 -1.99335 -30.5351 4.17347 11013 -2
029M 029M 1.25323315577404 10 -4.08117 67 1 -9.10256 3.98508 -0.0923389 -2.64405 -3.40924 3.51064 1.6528 2.6312 2.8201 0.899857 11006 2000
860V 860V 1.42937981840246 7 -3.8021 62 0 -11.0265 5.65703 -0.283189 -2.88889 2.93514 0.581705 3.39913 1.72383 3.07408 -2.03625 11008 2000
298I 298I 0.34141514268448 10 -5.08128 69 0 -13.1417 3.75073 -0.639521 0.630762 -6.63582 1.14855 1.30762 -1.95279 1.73493 1.38866 11010 9
750J 750J 1.2199979328507 10 -3.50851 65 0 -8.44827 0.823629 -0.322013 1.01781 -6.34887 -2.18916 3.11271 -2.28094 -0.517459 -1.45975 11014 -8
714K 714K -0.987840698925445 19 -2.07937 59 1 -10.7638 5.49199 -3.48776 -2.82272 -7.33606 2.24875 2.12634 -0.548276 1.83284 -3.07684 11009 15
187M 187M 1.11530699562344 13 -2.67857 50 0 -12.9151 4.71805 -1.86297 -1.31439 -6.40813 -0.449248 1.80322 -2.94292 3.76564 1.57264 11009 2000
297E 297E -0.500574899214028 7 3.5646 65 0 -12.1688 3.76741 -1.10594 4.63455 15.8129 -1.72507 2.58237 1.82541 1.71781 -3.15703 11010 2000
893Z 893Z -0.0937707231638153 20 0.485842 42 1 -16.1093 5.58228 -1.59222 3.16972 -7.71617 -2.36948 0.300301 -1.52437 0.693117 1.74931 11002 2000
686H 686H -1.28831152408471 20 -5.18311 61 0 -15.4416 4.83154 -3.75416 2.20222 0.141057 -2.38532 0.247579 -2.3147 -5.80288 3.83378 11010 1
042H 042H -1.87337008368584 20 -2.66939 54 1 -11.5224 3.62021 -0.00690364 -1.09363 -7.92196 -0.732221 0.749326 -1.22347 -2.09288 -3.349 11011 2000
412G 412G -0.388271499721469 13 -5.6687 46 0 -10.7523 2.01204 0.222096 -0.806541 4.58756 -0.810249 -1.82264 -2.20223 -0.701733 4.54503 11001 2000
728Q 728Q -0.304563877974449 20 -2.53976 41 0 -11.0741 3.09241 -0.183932 1.14686 -4.47765 -1.65483 1.03268 -1.90326 0.547184 0.316376 11007 2000
551K 551K 0.0297279711951653 13 -2.6091 45 0 -13.3311 3.92522 -3.68461 0.844224 -6.19167 -2.19138 1.47621 0.380396 -1.15193 3.27519 11010 2000
182U 182U 2.97066310530384 10 -2.92109 42 1 -13.4197 3.40703 -4.04431 5.77848 18.9126 -3.23342 -2.06966 1.40721 3.4736 -5.07547 11004 -1
917B 917B -0.183039615592449 20 -3.3973 47 0 -12.4687 4.36883 -1.90769 -2.68609 -7.26469 1.13251 -0.891194 -1.81113 -0.0179871 -4.60646 11007 2000
524R 524R 0.277779475610885 7 2.13525 53 1 -11.6409 5.22032 -0.134778 3.27991 12.9791 -0.789207 0.292374 1.54621 -0.792949 0.77761 11003 16
388P 388P 1.11231582345186 10 -0.457886 45 0 -10.3481 4.43108 -1.58109 1.01886 -3.74091 0.0635953 0.196147 -2.11215 0.447888 0.481663 11008 2000
673M 673M -0.833164187681015 10 5.52248 41 0 -9.03755 4.6653 -3.54763 2.15286 -4.29617 -2.29625 -1.44062 1.12543 2.31766 -1.05873 11008 21
081U 081U -0.241172383465023 20 1.24973 67 0 -12.2257 3.86683 -2.77686 -1.08235 -0.469169 -0.864937 0.868949 0.310494 0.236659 -2.66861 11020 2000
115C 115C 1.02947929062894 20 -3.87966 65 1 -10.2037 2.80645 -1.83984 4.39001 -2.88566 -1.15865 0.184127 -2.13043 -5.26531 3.95519 11016 2000
465Z 465Z 0.220769559738507 7 0.106999 64 1 -12.0324 0.448272 -0.069653 0.310219 -6.60761 1.78426 -0.380753 4.21386 3.40359 3.16311 11020 2000
036T 036T -0.401092706656206 20 -4.44287 53 1 -14.1592 3.02182 -0.849945 -1.57027 -3.20939 -0.374315 -0.0213531 0.373483 -1.88146 0.601165 11003 19
677O 677O -1.4384461570824 20 -3.27402 44 1 -12.002 3.58894 -4.12072 0.518429 -4.83854 1.06178 -3.40599 -0.267099 -4.34533 2.88364 11004 2000
544U 544U -0.169375051735513 10 -0.66155 61 0 -11.2093 3.75384 -1.95126 2.18908 -5.7435 -0.278326 2.61445 -0.684195 -2.17849 1.31486 11008 2000
166Z 166Z 1.53407075562972 10 -0.119266 54 0 -13.7214 2.47604 -0.684209 11.2379 24.5464 -0.948748 -5.17987 2.01383 4.52939 -1.1812 11021 -5
878P 878P -0.541158059500974 15 0.463568 63 1 -11.473 2.50021 1.51237 -3.47267 -7.47773 1.92191 1.50586 -0.978826 0.635445 0.329454 11004 2
003V 003V 2.18356115376362 20 -5.54276 57 0 -15.1935 4.14915 -0.639685 -0.545322 -4.91069 0.564875 -1.68553 -1.35398 1.92768 2.08346 11016 -5
637P 637P 1.22387537497023 20 3.0961 45 0 -12.5873 5.61307 1.4253 1.62373 -4.39406 0.564444 1.72541 -0.726966 -2.75239 -1.97876 11001 2000
308G 308G -0.901040509528105 7 8.08295 51 0 -9.93952 3.21789 0.525161 0.434736 -5.40784 -0.382363 -0.200884 0.662914 4.12902 -3.08153 11008 -11
286W 286W -0.94860010488666 10 -3.39184 62 1 -14.6191 5.70453 -0.374723 -0.147691 1.49886 -0.793073 1.39199 1.73622 -10.4291 -0.361232 11005 22
455A 455A 0.464402454045594 20 0.785727 68 0 -13.5497 4.52554 -1.09489 -0.764964 -11.1703 -3.21072 -4.38128 -1.61896 -0.0137963 1.91043 11013 5
290V 290V 2.78270173318309 13 -5.77322 63 0 -13.3777 2.99684 -3.77584 -0.525734 -6.15038 1.39384 -3.72587 1.23223 -0.0388523 1.67106 11009 2000
569B 569B 0.35859353650635 20 -3.53047 62 0 -12.7927 4.9324 -2.7719 -0.108542 -11.1875 0.120976 -0.0242407 -1.65161 -0.0768821 0.420124 11014 2000
072W 072W 1.00662783253316 7 -1.58908 64 0 -13.0589 3.62491 -3.29866 4.07391 4.42397 2.83252 -2.3243 -0.665375 -6.23289 2.21398 11018 2000
332D 332D -0.779026082070464 20 -4.69745 51 0 -10.4575 5.58131 -0.548374 -5.17196 -5.82386 1.66377 2.62003 3.02971 0.495714 -0.705544 11011 19
093Y 093Y -1.49736470939784 20 -2.46365 64 1 -11.182 2.6285 -2.11594 -2.56589 2.2614 1.10889 1.99474 -1.38552 4.10337 -2.26052 11011 -10
333R 333R -1.69171883507597 20 -0.482478 56 0 -11.9852 4.58125 -3.83092 -2.16708 -11.3013 1.50433 1.27888 0.338473 0.0195394 -1.64639 11021 2000
837X 837X 1.25323315577404 19 -0.0881785 60 1 -14.1465 3.43049 -1.68318 2.8748 5.6998 -0.421183 -1.19671 -1.67931 1.33054 0.921562 11017 2000
839R 839R -0.346178526687495 10 -4.31692 68 0 -13.628 3.94452 -0.389371 0.157215 -9.21564 -1.92135 0.801371 1.96776 -0.535024 1.0823 11004 2000
225P 225P 0.789154450171833 10 -5.0786 51 1 -10.8726 5.92548 -2.00011 3.65866 -0.349009 -0.291641 -0.50042 1.49668 -10.4578 4.19559 11007 18
493C 493C -1.17507439175019 10 1.12945 65 0 -11.6494 1.41898 -3.1818 1.2619 -5.80689 -0.415358 2.5246 1.00171 6.23369 1.58107 11010 2000
261J 261J 1.97336215626145 13 4.60048 46 1 -12.8581 0.835511 -1.05975 -2.76782 1.01133 0.997182 1.9551 -1.98027 0.643861 1.64633 11010 2000
742V 742V 0.208683456153115 20 -2.92101 48 0 -12.0841 3.33598 -3.24619 0.681863 -2.0072 0.701382 0.182244 -2.82914 -9.53288 1.76137 11018 2000
391I 391I -1.06183724831842 20 -4.02757 68 1 -13.9633 2.18093 -5.0726 1.22129 -5.66437 -0.427098 -0.765297 -3.22541 6.30574 1.72633 11017 2000
249N 249N -1.0729389268711 10 -5.02768 67 0 -15.3588 2.80895 -3.15602 4.06807 1.95074 0.348731 3.09971 -2.20527 -15.5375 1.76856 11018 -7
670P 670P 0.966994829002869 7 -1.89748 65 1 -10.5968 3.8569 0.169023 4.41839 -3.12203 -1.68303 -1.51063 2.01902 3.1074 -0.255056 11005 14
122F 122F 0.895858681909351 20 -4.66405 55 0 -12.8247 3.87973 0.357559 -2.45205 -9.41902 -0.730045 0.185848 -7.4876 4.14686 2.1657 11010 2000
246S 246S -0.790068112959983 7 -2.09169 66 0 -9.18057 3.23808 -0.543904 7.11727 12.8486 -1.45293 0.65182 0.657831 6.23443 -2.88422 11018 2000
256Q 256Q -0.495651553354085 7 5.6505 59 0 -13.3464 3.25973 0.121835 0.157822 -6.69041 -2.49149 -0.0677 -0.872074 -0.773608 -0.816751 11013 2000
766W 766W -0.55644201024931 7 -2.91431 62 0 -13.7476 4.6509 -0.778629 5.29164 14.5402 -2.45476 2.66943 -1.35099 -2.87206 1.7511 11013 2000
862F 862F 0.818522584700249 10 4.59496 61 1 -12.3866 3.45286 -1.06764 5.88243 9.93464 -0.232758 1.1412 -0.338836 -20.21 3.91713 11020 2000
769I 769I -0.10534481120868 13 -3.88502 59 0 -14.985 2.74228 -3.97976 3.95568 0.0816903 0.561214 -1.28257 -5.04146 2.78166 -1.12036 11014 2000
395J 395J 1.42937981840246 20 -4.5447 49 0 -14.9089 4.8163 0.434761 0.41082 6.44361 -0.658868 -0.278724 2.16119 2.41278 -1.24839 11017 2000
999W 999W -1.31746167553455 10 -4.11735 65 0 -14.7015 5.61722 -3.18672 3.01399 2.12646 -1.48932 -0.270517 0.121058 5.45745 1.67363 11016 7
557F 557F 0.933967335308661 10 0.539839 40 1 -8.47098 4.16878 -2.27466 9.04421 9.41051 1.23124 0.449697 0.261438 3.54673 3.08597 11007 2000
701H 701H -0.0502521321400904 7 -2.24264 49 1 -13.7918 0.813886 -1.14904 9.38116 19.9772 -1.59032 -0.199584 3.27422 1.61946 -0.496983 11016 2000
501V 501V -1.10713210791058 10 -3.0081 56 0 -12.1582 1.63672 -0.4371 -0.980228 -2.66073 0.352044 2.68945 -2.00694 -0.35357 2.02021 11013 13
752Q 752Q 0.351977905987701 20 -0.902234 49 0 -14.2966 1.5752 -2.7783 4.8706 7.33545 -0.904001 -1.54775 -2.20988 -0.601575 -0.832089 11021 2000
068N 068N 1.52935495034583 7 -2.54741 68 0 -12.5989 2.2601 -1.87916 1.60136 -2.93629 -0.262298 1.32153 -0.718221 -0.441811 3.51483 11020 2000
025N 025N 1.31378356827825 13 -4.03025 53 0 -14.7757 3.52271 -0.82523 5.91554 4.29333 0.239856 0.317865 -0.589154 -3.03619 4.97609 11020 -5
694S 694S 0.183771285042016 10 0.688668 53 0 -12.5785 5.85278 -2.21122 -1.80447 -2.88038 -0.116941 2.45139 0.999448 -0.372607 -1.50168 11017 5
462J 462J 0.319655852721237 19 1.41723 60 1 -8.86261 2.75687 0.241891 -1.3011 -8.88955 1.14132 -0.261449 -0.887447 2.53218 2.35496 11014 11
369B 369B 1.18813548286186 13 -4.83154 61 1 -12.9407 5.12111 -2.39057 3.36224 5.78509 0.312217 -1.36082 2.05203 1.39951 -2.77509 11007 2000
083K 083K -1.26086009369258 20 0.317784 52 1 -11.4356 3.46303 -0.694451 -1.88649 -3.8949 0.184739 0.229192 -1.43615 -4.00161 0.0402867 11007 9
892G 892G -0.644870586399411 10 6.25689 42 1 -10.8788 -0.606896 -0.926769 -2.97592 9.72766 1.65582 0.0839287 2.48308 -0.0218831 2.93913 11007 11
208Q 208Q -1.59714009102739 10 -1.12398 67 1 -13.8892 4.30546 -3.24657 5.59421 5.75542 -1.66452 1.35703 3.23042 1.89731 -3.81583 11004 2000
987O 987O 1.54035221497058 20 -6.00368 54 1 -14.1857 2.81753 -0.148923 2.11081 4.09885 -1.86791 2.18087 -2.9851 -2.34273 1.86979 11014 6
287P 287P -1.65954255514964 10 -2.57756 63 0 -10.4664 2.64084 -1.58097 -0.944731 1.87392 -1.84059 1.60102 -0.38231 -1.9133 -0.286989 11021 2000
657T 657T 0.703392174502355 15 -1.95852 56 0 -11.6918 1.56594 -2.84604 0.426075 -3.72768 -1.1443 1.56184 -1.43302 1.54951 2.83522 11009 2000
734R 734R 1.02584383491737 20 -3.92922 61 1 -11.6943 2.94011 -0.774861 -1.57209 5.41358 -0.639945 2.10008 3.82833 5.13161 1.21958 11017 1
834G 834G 0.900939830517213 7 -4.77516 52 0 -10.2714 2.57284 -0.993374 -0.816906 -1.02621 0.882691 2.76623 1.81118 -1.40908 -2.87183 11007 2000
400J 400J 0.801234172844421 10 -2.889 56 1 -7.58263 2.81223 0.760823 -0.958584 -6.76652 1.76199 1.87947 0.494911 0.262062 2.22779 11013 13
749A 749A 0.0977110595849931 7 0.935591 69 0 -12.9418 2.85291 -3.04151 -1.50731 -7.46192 -0.232973 1.35518 -2.23307 3.66707 1.56262 11008 2000
041V 041V -0.301382332656561 10 -5.01295 41 1 -11.5852 5.81 -1.03414 3.42959 0.504439 -0.713983 -2.0748 -0.0188538 -0.85547 0.850557 11011 2000
844P 844P -1.46555226357089 20 -3.21106 52 0 -14.236 3.02279 -1.74112 -0.675873 2.70221 -0.706605 1.43163 0.44613 4.19194 -5.6169 11009 5
498Z 498Z 2.29785944854308 13 -5.0518 54 1 -12.2996 5.07935 2.72213 -3.48042 -4.83502 0.683497 -1.62078 1.88469 -1.52057 0.0688568 11003 2000
994K 994K -0.790068112959983 13 -4.44751 55 1 -13.5468 4.92236 -1.05318 7.64051 13.0047 -0.977925 -0.062189 0.94898 1.09422 -0.117971 11018 2000
743B 743B -1.47457074610071 20 1.63909 42 0 -11.1645 3.929 -1.26109 1.77764 -9.48551 -2.79652 -0.967194 -2.45401 -1.16476 4.52123 11009 2000
616B 616B 1.13734720111136 13 -3.4039 65 0 -13.3073 4.35003 -2.94042 3.09274 6.7861 0.531088 1.50685 -1.65844 2.83287 -4.14179 11014 2000
215T 215T -0.00915125233143604 7 -0.589922 60 1 -6.23976 3.86479 -1.35796 -3.13716 -10.6348 2.1173 2.33256 -0.836892 1.82141 -1.97279 11010 2000
184V 184V 0.277779475610885 7 2.57176 51 0 -10.8759 4.99897 1.26078 -1.02599 -3.25267 -2.7856 0.287805 -0.901552 -5.5952 -0.385064 11018 21
053T 053T -1.94331066966493 20 -0.910868 46 0 -12.117 4.51611 -1.89267 0.653593 -8.88926 0.693057 -1.00227 -1.21395 3.60063 1.68581 11010 7
293A 293A -0.94860010488666 19 -2.78101 69 1 -14.4926 3.89386 -0.911945 -1.5252 1.71901 -0.497219 2.56024 1.09223 3.93943 -1.74448 11021 2000
431V 431V 0.868913163575934 20 -2.76219 47 0 -12.8973 6.24456 -1.67634 0.714088 2.7318 -1.03036 -2.11055 -2.67257 -3.66124 2.40564 11006 -4
815U 815U 1.32757027945209 20 -0.925726 63 1 -14.3526 4.5525 0.836695 1.32076 -0.942398 -0.0751359 1.87117 -0.576517 1.3708 0.719984 11009 2000
001O 001O 0.880011524053952 13 -0.0417815 51 1 -10.8053 3.79009 -1.64582 2.74888 -0.778651 1.72784 2.08562 0.88076 -5.79917 2.25436 11004 9
108H 108H 1.12112315880273 13 -2.84613 60 1 -13.9509 3.44468 -1.50377 3.32831 8.68429 2.01965 -2.40742 1.07887 1.97942 -4.08702 11021 2000
107N 107N 0.0683976011563663 15 -3.77567 64 0 -13.6241 2.60525 0.186564 6.41317 1.02147 -1.16122 -0.525158 1.10973 -1.82434 -1.52232 11007 2000
768L 768L -0.476206792471585 15 -3.38926 55 0 -10.7574 1.00983 -1.44689 1.47934 -6.10798 0.516262 -2.59883 -1.41137 3.04168 2.60813 11010 2
648N 648N -1.63192767351461 10 -4.08387 41 1 -10.9754 4.42983 -1.7847 1.50707 -2.79497 0.244236 -2.77083 0.885398 6.51074 -0.809704 11016 2000
567D 567D -0.0678668028418266 10 -1.33553 61 1 -12.0867 4.32388 -4.90276 -1.47102 -8.15082 1.5782 -0.908639 -0.774824 -0.625055 -0.45748 11006 2000
663N 663N 1.42937981840246 7 -2.47237 66 0 -13.6435 3.69945 -3.01104 2.10899 -4.86423 -1.04453 1.59206 -0.721022 5.36851 -0.0494461 11001 2000
774A 774A 0.742952624279768 7 -3.81328 60 1 -11.5144 2.02782 -1.01659 -2.36267 -5.40204 0.636989 -2.00818 -1.8084 2.39448 -0.612262 11008 2000
894K 894K 1.01061605839618 20 2.4277 41 1 -12.7041 5.13932 -0.83696 2.60624 -2.69461 -0.18351 -0.389648 -3.74263 2.96675 2.2287 11016 2000
528O 528O 0.0811170575006911 20 -2.38595 41 0 -14.9837 4.40463 -1.32335 1.75729 -3.54993 -1.73932 -0.459932 0.700691 1.59064 0.0538217 11013 2000
605U 605U -0.725423995329815 13 -3.36649 63 0 -13.7158 3.29514 -2.91287 -1.16271 -9.05549 -1.73499 -3.38327 -0.465551 0.121004 1.85933 11005 2000
713H 713H 1.10926713428715 13 -0.686505 53 1 -14.4686 2.09637 -1.23154 0.769838 -3.01584 -1.40969 1.00026 -3.08239 4.71876 0.199592 11009 -2
877D 877D -0.664438981628928 13 -2.73894 68 0 -13.6035 4.2957 0.25839 -1.31062 -9.26314 -0.264255 -1.08217 2.13331 -0.0396485 0.310909 11018 -7
505H 505H -1.28831152408471 10 3.02052 46 0 -12.6147 3.17064 -3.90007 0.15388 -9.45479 -0.391314 0.922428 -0.760405 4.12418 3.54446 11016 2000
055B 055B -1.52988409377988 20 -0.0285182 64 1 -12.4539 3.68964 -2.79463 -2.30142 -4.06267 -2.46951 2.22182 -0.354582 2.23221 0.558439 11017 2000
011G 011G 0.885397480543468 13 1.94702 59 0 -13.2762 2.89865 0.896474 -0.15968 -7.88756 -1.90422 2.8765 1.16282 -2.52187 1.84599 11004 2000
829G 829G 0.394622933402882 15 -2.2115 56 0 -14.8921 5.44461 -2.39511 2.71002 2.11167 -2.36408 2.36872 -3.0284 -19.5369 1.09497 11005 -2
709D 709D -0.491296275192175 7 -2.02604 58 1 -11.061 2.66296 -1.64428 0.132794 -4.68657 -0.785368 2.09713 -1.32068 -1.08204 1.00728 11007 -2
017M 017M -2.00067607451247 19 -2.13135 50 1 -13.5235 3.42593 -0.889147 1.6471 -0.240689 -1.20319 -0.474518 -1.26707 -0.348651 1.45225 11011 2000
499S 499S 1.65356647589417 10 -3.994 43 0 -12.2851 3.04758 1.31399 -0.565211 -2.63242 -3.13824 1.48134 -0.814868 -3.05569 -1.7634 11014 2000
853W 853W -0.470147688521726 10 -1.17484 43 1 -12.9836 2.83744 -2.4052 1.11246 1.92737 0.494739 0.773678 0.475865 1.76926 -7.10597 11002 2000
905Q 905Q 0.34141514268448 10 -3.33351 49 1 -11.9907 5.09374 -3.03858 2.67608 0.165387 2.87278 -0.0714777 -0.599474 -8.78101 3.13422 11014 7
477Y 477Y 0.00404628419454337 10 1.74685 64 0 -15.0795 5.20392 -0.571198 3.59021 -1.57306 -1.06059 2.04018 -2.02585 -6.23394 1.92053 11014 15
316B 316B -0.725423995329815 20 -1.23958 62 0 -11.0265 3.44263 -1.97686 0.677099 -10.1473 -0.427072 -2.35106 -3.46161 0.627054 1.81106 11011 2000
912R 912R -0.651352617249831 7 -3.47439 51 1 -12.509 3.0129 0.184765 -0.282188 -7.88433 -0.0405224 -0.486219 -1.71324 -2.56252 -0.163637 11001 2000
928E 928E -0.332086796784449 20 -3.2801 49 0 -11.0602 2.57367 -1.92139 -1.00264 -6.39224 -1.27367 2.23904 -0.253934 -1.07413 -5.79462 11014 2000
630P 630P 1.21597136602466 7 -4.55676 55 0 -12.0194 5.48211 0.15886 0.61588 -1.40791 -0.429167 2.79701 -0.664881 0.759679 -1.05405 11013 2000
988P 988P 0.136497532382542 10 -2.92637 57 0 -11.9596 3.44709 -1.85696 -0.246028 -7.23029 -2.2648 -0.920602 -2.55517 0.666599 4.22012 11009 9
681I 681I -0.559748044401668 13 -4.73157 51 0 -12.0483 3.37135 0.230526 0.692082 -3.87279 -2.06345 0.765052 -1.16929 1.66979 2.53725 11016 2000
357V 357V 0.929504158685568 20 -4.7297 60 0 -11.7605 4.61352 -2.42063 -1.3898 -2.68948 0.740324 -1.01595 -0.0729475 2.02879 -0.775125 11007 2000
459R 459R -0.598000506929692 10 0.186 65 0 -15.0499 2.88582 -1.91688 0.208615 -5.35467 1.60155 0.545681 0.469084 1.376 -1.26611 11007 2000
489I 489I 1.10926713428715 15 -0.238872 62 0 -12.9247 4.3406 -0.755083 2.61892 3.16308 0.499061 -0.212483 -0.885708 -7.76246 2.25525 11018 2000
740E 740E -0.579603225595637 13 3.57576 69 0 -11.2183 5.36533 -0.12709 -0.170687 -7.69177 0.293726 -0.290744 2.53795 -2.34242 -2.50913 11007 18
805A 805A 0.45593774596913 20 -4.41364 69 1 -11.5537 4.42606 0.409261 -2.06718 -8.53561 0.788007 0.362736 -1.16855 1.73259 0.829298 11018 18
885B 885B 0.583875846663859 13 0.363458 62 0 -11.3446 3.40758 3.44059 3.91501 2.00121 -1.58649 -1.53088 -1.33715 2.2271 -2.60534 11009 2000
153M 153M 1.64075581133711 7 3.37735 57 1 -13.201 5.82833 -2.4667 6.51322 11.835 -3.3947 0.86761 0.951199 3.5127 -1.3898 11020 12
229M 229M -2.13427350109843 20 -3.95737 50 0 -14.4486 2.81846 -2.42528 3.91149 6.87412 1.79623 1.26373 -3.14203 -19.8045 4.80241 11005 21
730Y 730Y 1.1907295070206 15 -0.571611 43 0 -12.4993 3.98367 -0.23604 -0.325034 -6.61251 0.453417 -1.24926 -0.0482123 1.05168 -0.521957 11018 2000
481N 481N 0.689563837582564 20 -5.07735 55 1 -11.7458 4.77951 0.152845 -2.00829 -10.8173 -0.0503481 -0.854142 0.185534 -0.504732 1.24569 11006 2000
416E 416E 1.00256291364687 10 -3.23934 44 0 -13.7291 3.66762 0.779571 2.51121 -0.732177 -0.030739 -2.84836 -1.52558 -5.88641 0.320364 11021 8
724V 724V -0.810430016311161 10 4.59397 41 0 -13.5769 5.00691 -2.53889 2.87207 4.262 -0.768239 -0.425497 0.925338 -1.54774 3.48265 11010 2000
548C 548C 0.900939830517213 20 -1.31357 54 0 -11.8846 1.63608 -3.03893 4.22875 15.9651 0.22476 0.116995 0.336484 3.22041 0.0511467 11018 2000
398K 398K 0.976431255772642 20 -3.67332 45 0 -10.5671 5.73076 -0.662249 -2.60404 -4.0304 -1.59648 2.03007 -1.01669 -3.10204 -1.2961 11009 2000
299P 299P 1.53026381427373 15 -4.17149 64 0 -9.41823 0.975891 -3.29554 7.32009 18.47 -1.54092 -0.587259 0.86532 4.22107 1.07776 11013 -5
100S 100S 0 7 5.4278 64 1 -10.7364 3.15164 -2.36112 -0.111575 -4.77239 -2.35047 4.67932 -1.85414 0.29198 -3.69462 11020 2000
785D 785D 0.782938675392499 20 -4.56222 65 1 -13.6778 1.73161 -2.25928 -1.065 -4.20553 0.639369 -0.828055 1.79164 -3.46624 0.173647 11010 2000
863A 863A 0.208683456153115 10 -0.395537 41 0 -13.0841 3.74894 -0.905646 -1.37641 -5.2371 1.2652 -2.64484 0.430264 -1.02739 1.47183 11014 19
683G 683G 0.895858681909351 10 -5.0786 51 1 -12.6326 3.24277 -2.35699 -0.852895 -3.57241 0.968136 0.747568 -1.11455 2.39871 -3.70259 11007 2000
079V 079V 0.372499853729209 7 -0.541713 54 0 -12.1199 0.859271 -1.05521 4.27517 0.113218 -1.60061 1.46712 -5.66537 -1.18514 3.38856 11014 2000
189Y 189Y -0.60888868568861 10 0.275543 61 1 -15.5428 5.87144 -2.38006 -2.63676 -9.81259 0.639866 4.03029 -1.62039 0.237798 -3.53878 11016 2000
763T 763T 0.644726506084222 7 0.124969 45 0 -13.0709 6.92757 1.68204 -1.59248 -4.87623 -1.34275 1.75151 1.7261 -2.03798 -0.738824 11013 11
710E 710E 0.116803083607762 19 2.50367 55 0 -13.5266 5.19871 -1.77571 3.13625 10.3315 4.93294 -0.215733 0.939857 3.97826 -2.59898 11018 2000
071O 071O -1.3163289580883 10 -3.90162 68 0 -13.1368 5.26091 -1.73053 1.79169 -3.33323 -0.92072 -2.31742 -0.730133 1.77039 3.0499 11006 2000
537W 537W 2.06960518663308 20 -2.96504 57 0 -11.3193 3.18246 -2.26299 -1.22383 -6.48627 -2.27536 1.65673 1.1194 1.61496 0.524887 11007 -4
247U 247U -1.60665744996598 20 -3.77567 50 0 -12.8567 3.17714 -2.48796 1.2233 5.5358 0.415888 0.865396 1.73431 -3.90195 2.48476 11013 2000
277J 277J 1.85213180427176 7 -3.39935 59 0 -11.894 4.00117 -0.111865 3.07907 8.8482 -0.284175 0.423358 2.61454 1.79736 -3.01965 11013 21
991A 991A -2.00781830234456 10 -3.82622 62 0 -10.632 5.4918 0.674992 -1.18065 -1.81322 -2.38589 2.40834 -1.36077 2.89765 -0.431061 11016 2000
172G 172G -0.269177266490558 13 -3.39935 54 1 -11.383 3.58995 -4.95714 5.09508 6.45486 0.64558 -1.28135 2.06066 2.07009 -2.29861 11012 2000
598X 598X 0.895858681909351 15 -1.12816 64 1 -12.4807 3.24381 -0.233106 -1.3471 -6.17769 1.54329 -1.78373 -0.299792 4.08621 -1.09753 11006 2000
231C 231C -0.548346063446641 10 1.12175 55 0 -13.9106 1.36975 -0.563161 11.9788 22.7886 1.54532 -1.28364 0.510077 6.83537 2.61071 11010 2000
445O 445O -0.0502521321400904 7 -4.01544 65 1 -13.3144 2.8511 -1.38648 1.88951 -6.1475 0.589018 2.74798 -1.97277 3.65325 -1.38125 11020 1
056E 056E -1.01201290609623 13 3.66378 50 1 -11.1475 6.39147 -1.99969 0.390122 0.467739 1.63096 1.55919 1.55483 2.88529 -3.86357 11016 2000
667Q 667Q -0.155940134156034 20 -0.992828 41 1 -12.7907 4.39502 -0.313164 1.24449 -1.35843 -0.950125 1.17942 -1.59464 5.72184 -0.870011 11012 2000
429L 429L -0.957123328707835 7 6.35288 51 0 -11.9305 3.08088 -1.54496 5.86147 14.3148 -0.984178 -0.591961 3.02302 4.38371 0.821223 11006 2000
898L 898L -1.48504676228153 10 3.51524 56 1 -14.3611 3.44431 -3.15826 5.45258 7.73459 -0.795991 0.0842017 0.00039448 3.80729 -1.20518 11003 2000
650W 650W 0.26804078222734 10 -2.69473 66 1 -12.2275 3.67092 -2.95568 4.06567 1.60491 1.37548 -1.12753 1.10807 0.561107 -1.50414 11016 2000
781S 781S -1.40154866751647 15 -4.28483 54 0 -11.281 2.97883 -2.98604 3.14 -3.95364 -2.10815 0.544343 -2.75555 1.08008 2.76127 11003 2000
270K 270K 0.399739027218424 20 -2.89429 61 1 -10.6742 1.6786 1.43318 1.71592 -10.5502 -3.04971 -0.490801 -2.2941 8.11791 4.34295 11008 2000
492I 492I 0.136497532382542 20 2.52402 55 0 -12.9291 3.5015 -3.53027 4.94515 8.84055 -0.517272 -1.2045 1.04312 3.02111 -2.48053 11014 14
264R 264R 0.660264195217311 7 3.43082 67 1 -13.0015 2.97199 -2.25157 4.14262 3.59799 -0.53674 0.162683 1.63974 2.9899 0.472636 11007 2000
351L 351L -0.940904380032214 10 -5.28494 52 1 -12.5913 5.74202 -2.33268 0.83 -4.88715 -1.33578 -0.588176 2.56676 -0.548185 -3.5561 11010 6
748U 748U 0.330643218608208 20 -3.01229 45 0 -15.6215 4.40429 -2.94344 2.68741 2.59285 3.52829 -1.42853 -2.60282 -0.0975084 1.12864 11021 7
241B 241B -1.11373760664942 20 -3.53531 62 1 -14.6233 2.4222 -0.93416 2.55595 1.40906 1.87365 1.67292 -0.291105 0.325259 -1.88125 11021 2000
344A 344A -0.228828402224488 7 -4.29074 54 1 -12.5405 4.34151 -0.0477424 -4.47877 -7.14723 0.520687 2.21441 -0.666422 2.62404 -0.873127 11017 9
712S 712S -0.548346063446641 13 -4.76105 69 0 -14.3452 7.19753 -3.50479 1.14096 -3.02672 1.76904 1.2147 -3.19674 -0.363401 -1.93414 11003 2000
601P 601P -0.171183591076863 20 -4.15881 55 0 -11.2282 2.00604 -1.83372 -0.61014 -1.28122 0.861196 -1.75042 1.89894 -2.44764 -0.306251 11003 -4
183L 183L -0.391261062793295 7 -1.67089 69 0 -14.3678 4.08803 -2.2728 7.61297 13.0953 -0.670596 1.02586 -0.62725 5.71092 1.48889 11014 2000
937O 937O 0.136497532382542 20 -0.0466936 65 1 -12.6414 2.21336 -0.335185 7.08148 10.4145 0.226085 -3.76968 1.66477 0.212196 -1.33763 11007 20
248R 248R 0.261249327043569 10 -5.29487 59 1 -12.0503 4.02901 -3.28826 -0.666511 -7.7394 -4.93796 0.549168 -1.53851 -0.404397 3.67931 11013 21
114O 114O 0.885397480543468 20 -4.97223 61 1 -14.6217 5.09728 -1.70909 6.39778 8.62576 -0.637459 1.77185 -2.57663 2.33222 1.54603 11021 -4
010W 010W 0.55328195543191 20 -3.11379 65 1 -8.94085 4.55002 -2.89051 -0.140982 -6.29707 1.78654 -1.52571 -2.73995 2.85691 1.75476 11003 2000
864L 864L -1.74126008671453 20 -3.37256 61 0 -12.3494 4.22668 -4.11432 0.504045 0.54746 2.16521 0.102894 -0.446573 -12.2421 0.700478 11004 2000
341F 341F -1.34493009580059 7 -1.7946 57 0 -12.4949 3.41777 -2.78706 0.76001 -1.74156 0.39567 0.0253494 2.29215 -1.67851 -0.30518 11001 13
620C 620C 0.723191836206321 10 0.052378 47 0 -10.0307 1.95738 -0.318765 1.59442 -9.44853 0.606919 -0.684069 -2.28694 1.59748 2.79686 11021 2000
032E 032E 1.85619672315805 7 -1.14317 60 0 -12.2442 4.50879 -0.436521 4.77139 7.94071 0.853172 1.36282 1.06566 3.46705 0.170543 11014 5
695F 695F -1.22525397880828 10 -1.35585 67 0 -11.9797 6.01322 -0.620601 0.516765 -4.75318 -2.82402 1.47101 -0.401142 -5.04219 2.85099 11009 2000
210S 210S 0.863194123438119 13 -4.61973 61 1 -7.12961 5.81543 1.23596 -2.74465 -3.42473 1.61178 1.43945 -0.569594 -1.04702 2.15876 11016 -1
926Y 926Y -0.790068112959983 20 -3.69074 61 0 -15.8525 2.48629 -1.14882 -3.12232 -8.27851 -1.00207 -1.79027 -0.109811 -0.615713 -0.154096 11002 2000
425V 425V -0.285648133603629 10 -0.596461 65 0 -12.4749 3.32225 -3.44042 -0.141097 -4.89238 0.206555 -1.18099 -1.32155 3.41451 -0.446157 11007 2000
356H 356H -0.55644201024931 20 1.2762 64 0 -13.6764 3.11717 -1.60078 0.408149 -13.0396 -2.28932 -1.42148 -2.09659 0.247803 0.0615453 11011 2000
978K 978K 0.00665678775417343 7 -1.25947 53 0 -11.8797 3.27434 -4.71777 7.90317 14.6549 0.461974 -1.47521 -0.0963357 2.31976 0.0117237 11017 2000
007A 007A 0.749956980006356 20 2.57329 67 0 -12.8446 5.93647 -3.38113 0.615805 -6.14313 -1.36165 1.25173 -0.506082 -0.585306 -0.793819 11007 2000
421F 421F -0.577567780995024 7 -3.92842 57 0 -14.4999 3.36597 -1.99861 1.62869 5.71518 1.74278 1.22387 1.7093 1.37109 -2.71331 11010 2000
263N 263N -0.333733027898579 20 3.7304 40 1 -13.2038 0.17628 -0.364692 -3.80606 3.77561 -4.02821 -3.51489 -1.57511 -1.7001 2.11509 11014 2000
432Q 432Q 0.85538466297443 10 3.06397 45 0 -9.74761 2.60893 -1.13613 -2.60334 2.59496 -1.65241 0.422445 -0.57699 3.7779 -2.80059 11008 2000
507P 507P -0.171183591076863 20 3.12326 43 0 -14.3464 6.77246 -2.1049 2.56025 0.175083 2.12572 1.20227 -0.0670158 2.02915 2.8174 11013 2000
825I 825I 1.08616622134111 20 -2.38327 65 0 -12.7749 3.05996 -0.450498 7.8538 12.9031 0.294786 -0.268656 1.45121 -4.85019 0.272382 11021 -3
424R 424R 2.82903166560975 10 -4.266 47 1 -12.7788 2.70507 -1.04354 1.39495 -2.09062 -1.05969 2.05561 -1.47634 1.3065 0.827678 11014 2000
625V 625V -0.771725563211916 20 -3.4701 52 0 -12.732 4.63143 -2.46315 1.23099 -5.5604 0.13279 -1.09355 -3.70529 0.234581 -0.249857 11017 2000
408Y 408Y -0.311363656087962 13 2.28039 61 1 -15.7423 4.29676 -1.63651 1.38714 -7.2341 -0.80143 1.56512 0.923317 -0.285977 -0.839661 11007 5
441Q 441Q -1.0927201005738 10 -2.78032 60 1 -11.1132 3.73226 -3.00169 -3.58317 -8.28103 1.05519 -0.929339 -0.764173 -0.803894 -1.11821 11007 18
312J 312J -0.693570378743744 10 -0.584074 61 0 -12.0214 4.31027 -1.26375 -2.56017 -6.10803 -1.38431 -1.9535 2.39968 4.04379 -0.218385 11002 2000
433T 433T -0.790068112959983 20 -2.05015 46 0 -9.10006 4.89401 0.322516 -5.22458 -6.30183 -0.0811598 -0.612827 -0.042824 -3.22237 -4.65002 11013 2000
809C 809C -0.360497550253192 20 -4.97409 50 1 -10.8103 2.10735 -0.0331992 -1.39507 -6.85301 -1.20122 5.11564 -1.25722 -1.30314 2.40957 11011 2000
181Q 181Q -0.790068112959983 20 -2.54986 52 0 -7.7226 1.13921 -2.24048 -1.7698 -1.96443 1.31073 1.94456 1.87227 -2.05841 -3.65568 11016 21
099A 099A 1.86456568425075 20 -2.82274 42 1 -12.0328 3.44013 -2.97137 2.53383 3.49167 -0.958928 1.01432 1.55512 6.13245 -3.73737 11016 2000
640X 640X -1.11373760664942 10 1.40982 47 0 -9.57962 5.1789 0.243736 5.00669 7.4161 -0.542902 -1.16521 1.6264 3.16919 -2.54831 11007 2000
967X 967X 0.372499853729209 10 -0.994317 65 1 -9.56624 4.08575 -3.41803 -1.83712 -2.85592 -0.11713 0.590986 -3.93831 -2.28866 -0.987402 11011 2000
547Y 547Y 0.392254616001524 20 3.22744 56 1 -11.6313 3.16943 -3.64482 -1.16431 -4.9 0.55964 -0.344641 -0.624306 3.83695 2.12818 11007 2000
347Y 347Y 0.367904719829356 20 3.06279 59 1 -11.3048 4.75097 -0.917038 0.785305 -7.78357 -3.24016 -0.427865 0.360869 -0.247377 0.0965677 11014 6
772A 772A 0.349117548077199 10 -0.156408 60 1 -9.44021 0.676264 -3.07385 0.114526 -3.22645 1.94131 1.2086 -2.4416 -3.45151 1.95524 11001 2000
946F 946F -0.629901763965609 10 -4.04492 49 0 -10.8809 1.92202 -0.624195 -2.87682 -9.03624 -1.0074 0.702412 0.886943 -2.25103 0.0744391 11017 2000
